    167 206 72 208 25 229 178 103 160 96 177 138 193 172 156 157 6 11 164 121 71 174 199 4 192 194 216 60 7 95 79 247
    9 3 108 16 67 35 156 128 146 237 121 5 125 90 71 36 31 169 195 63 200 245 165 72 205 180 138 192 103 47 160 191
    242 124 252 176 90 177 240 227 241 69 92 198 243 115 178 40 193 81 220 60 9 6 98 210 20 216 172 171 55 185 35 71
    91 121 230 55 101 142 59 21 111 184 5 73 87 192 114 105 56 82 72 209 81 40 7 53 138 207 177 48 238 254 3 125
    4 243 146 180 216 202 161 173 46 90 187 5 129 176 152 44 163 160 113 88 61 131 212 191 101 59 172 169 89 118 63 145
    16 26 127 184 173 221 0 255 75 232 79 211 5 89 62 80 50 209 116 249 228 206 225 242 97 136 224 155 144 240 15 223
    63 176 233 204 234 5 52 79 156 116 184 74 90 56 134 32 187 255 35 50 99 95 76 201 40 138 196 121 226 152 165 174
    168 80 187 45 136 24 236 93 124 78 122 37 209 15 76 172 198 228 104 153 10 145 171 135 119 90 142 95 18 133 212 100
    12 72 2 4 23 137 80 208 119 7 79 5 61 187 95 130 64 109 237 27 14 210 114 163 159 18 33 254 149 124 25 168
    254 166 95 89 161 76 215 184 180 46 105 163 232 82 48 243 171 205 116 246 221 98 115 7 199 154 242 238 34 113 217 6
8 232 172 149 82 198 174 61 17 125 51 45 195 19 94 185 101 184 24 58 122 50 0 109 93 242 35 95 139 234 230 169
102 236 218 50 237 123 120 191 4 195 32 179 86 213 9 56 10 185 81 243 51 184 1 244 225 133 167 40 202 44 136 166
36 7 118 60 23 109 67 190 96 201 114 162 57 245 14 90 135 155 56 26 40 54 138 197 240 31 91 39 30 249 237 122
247 118 255 96 215 188 38 29 220 60 85 133 68 174 162 157 100 185 234 93 113 35 202 226 39 200 221 250 28 205 44 164
214 61 67 74 44 79 71 179 236 64 39 25 14 178 53 183 35 143 24 251 19 5 240 147 222 189 244 169 225 141 100 54
148 43 249 115 28 7 42 207 143 56 60 199 162 104 111 250 78 180 38 102 161 243 194 52 63 67 141 91 220 163 92 95
141 225 251 171 240 126 249 180 130 123 44 19 127 134 158 40 103 161 237 205 95 154 69 114 110 80 220 104 119 151 39 129
183 139 191 127 194 200 224 67 202 221 248 154 3 34 198 31 157 87 2 133 137 91 223 217 155 107 216 129 207 29 255 225
195 116 133 198 175 33 236 27 176 6 142 61 141 220 147 42 166 58 9 85 124 77 36 241 92 153 163 91 35 209 112 172
157 164 218 149 124 108 253 26 40 72 215 230 102 71 106 95 185 38 227 113 255 10 33 171 152 24 177 144 173 237 74 201
